-5.0     -0.2118     0.00579
-4.9     -0.2003     0.00576
-4.8     -0.1888     0.00573
-4.7     -0.1773     0.00571
-4.6     -0.1659     0.00569
-4.5     -0.1544     0.00567
-4.4     -0.143     0.00565
-4.3     -0.1315     0.00562
-4.2     -0.12     0.00559
-4.1     -0.1084     0.00555
-4.0     -0.0969     0.0055
-3.9     -0.0854     0.00546
-3.8     -0.0739     0.00543
-3.7     -0.0624     0.0054
-3.6     -0.051     0.00539
-3.5     -0.0396     0.00538
-3.4     -0.0281     0.00537
-3.3     -0.0166     0.00536
-3.2     -0.0051     0.00534
-3.1     0.0065     0.00531
-3.0     0.0181     0.00528
-2.9     0.0297     0.00524
-2.8     0.0412     0.00521
-2.7     0.0528     0.00518
-2.6     0.0644     0.00516
-2.5     0.0759     0.00514
-2.4     0.0874     0.00513
-2.3     0.0986     0.0051
-2.2     0.11     0.0051
-2.1     0.1214     0.00509
-2.0     0.133     0.00507
-1.9     0.1445     0.00506
-1.8     0.1558     0.00506
-1.7     0.1667     0.00509
-1.6     0.1779     0.00508
-1.5     0.1893     0.00508
-1.4     0.2002     0.00513
-1.3     0.2111     0.00516
-1.2     0.2225     0.00513
-1.1     0.2336     0.00514
-1.0     0.2444     0.0052
-0.9     0.2557     0.0052
-0.8     0.2671     0.00518
-0.7     0.2782     0.00519
-0.6     0.289     0.00522
-0.5     0.3     0.0052
-0.4     0.3113     0.00516
-0.3     0.3224     0.00515
-0.1     0.3438     0.00519
0.0     0.355     0.00518
0.1     0.3655     0.00522
0.2     0.3763     0.00527
0.3     0.3874     0.00524
0.4     0.3975     0.00535
0.6     0.4176     0.00541
0.8     0.4388     0.00544
0.9     0.4493     0.00549
1.0     0.4592     0.00555
1.2     0.4788     0.00562
1.3     0.4897     0.00561
1.4     0.5004     0.00564
1.5     0.5108     0.00569
1.6     0.5216     0.00569
1.7     0.5318     0.00579
1.9     0.5522     0.00594
2.0     0.5631     0.00597
2.1     0.5741     0.00597
2.2     0.5846     0.00604
2.3     0.5953     0.0061
2.4     0.6062     0.0061
2.5     0.6164     0.00619
2.6     0.6268     0.00628
2.7     0.6373     0.0063
2.8     0.6479     0.00637
2.9     0.6586     0.00638
3.0     0.6697     0.00639
3.1     0.6807     0.00643
3.2     0.6912     0.00648
3.3     0.7018     0.00654
3.4     0.7128     0.00658
3.5     0.7239     0.00662
3.6     0.7349     0.00667
3.7     0.7456     0.00674
3.8     0.7562     0.00681
3.9     0.767     0.00686
4.0     0.778     0.0069
4.1     0.7887     0.00696
4.2     0.7989     0.00706
4.3     0.8096     0.00712
4.4     0.8205     0.00717
4.5     0.8315     0.00721
4.6     0.8424     0.00726
4.7     0.8529     0.00734
4.8     0.8631     0.00743
4.9     0.874     0.00746
5.0     0.8847     0.00752
5.1     0.8955     0.00756
5.2     0.9063     0.00761
5.3     0.9172     0.00765
5.4     0.9279     0.00771
5.5     0.9385     0.00778
5.6     0.9489     0.00786
5.7     0.9593     0.00793
5.8     0.9697     0.008
5.9     0.9802     0.00806
6.0     0.9909     0.0081
6.1     1.0015     0.00816
6.2     1.0121     0.00821
6.3     1.0226     0.00827
6.4     1.0329     0.00835
6.5     1.043     0.00842
6.6     1.0532     0.00849
6.7     1.0634     0.00856
6.8     1.0735     0.00861
6.9     1.0837     0.00864
7.0     1.0931     0.00861
7.1     1.1015     0.00852
7.2     1.1146     0.00858
7.3     1.1268     0.00865
7.4     1.1371     0.00872
7.5     1.1472     0.00879
7.6     1.1573     0.00886
7.7     1.1673     0.00895
7.8     1.1771     0.00904
7.9     1.1868     0.00914
8.0     1.1965     0.00924
8.1     1.2062     0.00933
8.2     1.2159     0.00943
8.3     1.2257     0.00952
8.4     1.2356     0.0096
8.5     1.2455     0.00968
8.6     1.2554     0.00975
8.7     1.2654     0.00983
8.8     1.2752     0.0099
8.9     1.2851     0.00998
9.0     1.2949     0.01006
9.1     1.3046     0.01014
9.2     1.3143     0.01022
9.3     1.324     0.01031
9.4     1.3336     0.0104
9.5     1.343     0.01049
9.6     1.3524     0.01059
9.7     1.3616     0.01069
9.8     1.3706     0.01081
9.9     1.3795     0.01093
10.0     1.3883     0.01106
10.1     1.397     0.01118
10.2     1.4058     0.0113
10.3     1.4145     0.01142
10.4     1.4232     0.01153
10.5     1.4318     0.01163
10.6     1.44     0.01174
10.7     1.448     0.01184
10.8     1.4561     0.01195
10.9     1.4641     0.01206
11.0     1.4722     0.01216
11.1     1.4803     0.01227
11.2     1.4884     0.01238
11.3     1.4964     0.01249
11.4     1.5044     0.0126
11.5     1.5123     0.01272
11.7     1.5283     0.01295
11.8     1.5362     0.01308
11.9     1.5441     0.0132
12.0     1.552     0.01333
12.1     1.5598     0.01346
12.2     1.5677     0.01359
12.3     1.5755     0.01373
12.4     1.5831     0.01386
12.5     1.5906     0.014
12.6     1.598     0.01414
12.7     1.6055     0.01429
12.8     1.6131     0.01443
12.9     1.6206     0.01458
13.0     1.6279     0.01474
13.1     1.6352     0.0149
13.2     1.6424     0.01506
13.3     1.6497     0.01523
13.4     1.6571     0.01539
13.5     1.6644     0.01556
13.6     1.6716     0.01573
13.7     1.6785     0.01591
13.8     1.6853     0.0161
13.9     1.692     0.01629
14.0     1.6987     0.01648
14.1     1.7052     0.01668
14.2     1.7117     0.01687
14.3     1.7182     0.01708
14.4     1.7242     0.01731
14.5     1.73     0.01755
14.6     1.7358     0.0178
14.7     1.7417     0.01805
14.8     1.7476     0.01831
14.9     1.7535     0.01857
15.0     1.7593     0.01884
15.1     1.7645     0.01913
15.2     1.7694     0.01944
15.3     1.7745     0.01974
15.4     1.7798     0.02004
15.5     1.7852     0.02034
15.6     1.7907     0.02063
15.7     1.7962     0.02092
15.8     1.8014     0.02123
15.9     1.8057     0.02158
16.0     1.81     0.02192
16.1     1.8145     0.02224
16.2     1.8192     0.02256
16.3     1.824     0.02287
16.4     1.829     0.02319
16.5     1.834     0.02352
16.6     1.8381     0.02389
16.7     1.8416     0.02431
16.8     1.8459     0.02469
16.9     1.8506     0.02506
17.0     1.8554     0.02541
17.1     1.8603     0.02577
17.2     1.8651     0.02613
17.3     1.8699     0.0265
17.4     1.8738     0.02693
17.5     1.8766     0.02743
17.6     1.8801     0.02789
17.7     1.8842     0.02832
17.8     1.8884     0.02875
17.9     1.8926     0.02917
18.0     1.8969     0.0296
18.1     1.9009     0.03004
18.2     1.9031     0.03063
18.3     1.9055     0.03121
18.4     1.9088     0.03173
18.5     1.9124     0.03223
18.6     1.9161     0.03272
18.7     1.9198     0.03322
18.8     1.9233     0.03373
18.9     1.9245     0.03444
19.0     1.9259     0.03511
19.1     1.9281     0.0357
19.2     1.9307     0.03627
19.3     1.9336     0.03683
19.4     1.9364     0.03741
19.5     1.9387     0.03806
19.6     1.9383     0.03898
19.7     1.9399     0.03973
19.8     1.9421     0.04042
19.9     1.9445     0.04109
20.0     1.947     0.04177
20.1     1.9494     0.04246
20.2     1.9488     0.04348
20.3     1.9489     0.04446
20.4     1.9503     0.04529
20.5     1.9521     0.04607
20.6     1.954     0.04685
20.7     1.9558     0.04764
20.8     1.9555     0.04869
20.9     1.9535     0.04995
21.0     1.9541     0.05091
21.1     1.9552     0.05181
21.2     1.9564     0.05269
21.3     1.9575     0.05359
21.4     1.9556     0.05487
21.5     1.9527     0.0563
21.6     1.9527     0.05736
21.7     1.9531     0.05837
21.8     1.9535     0.05937
21.9     1.9537     0.06039
22.0     1.948     0.06222
22.1     1.946     0.06357
22.2     1.9454     0.06471
22.3     1.945     0.06583
22.4     1.9444     0.06696
22.5     1.9397     0.06871
22.6     1.9345     0.07051
22.7     1.9328     0.07181
22.8     1.931     0.07302
22.9     1.9292     0.07423
23.0     1.9206     0.07644
23.1     1.9152     0.07825
23.2     1.9128     0.07966
23.3     1.9107     0.08104
23.4     1.9084     0.08248
23.5     1.896     0.08544
23.6     1.8923     0.08712
23.7     1.8896     0.08867
23.8     1.8866     0.09024
23.9     1.8734     0.09343
24.0     1.8684     0.09538
24.1     1.8648     0.09708
24.2     1.8609     0.09882
24.3     1.8456     0.10245
24.4     1.8403     0.10446
24.5     1.8357     0.10634
24.6     1.8198     0.11009
24.7     1.8127     0.11242
24.8     1.8073     0.11446
24.9     1.7892     0.11863
25.0     1.7815     0.12107
